1
58
25/01/2001
7
18
22
Batman
1

2
65
25/01/2001
1
14
16
Elsa
1

3
80
28/06/2020
7
18
22
Carros
1

4
15
28/09/1987
7
12
16
asdasd
2

5
18
25/01/2001
3
18
22
Teste
3

6
50
21/06/2020
7
12
16
batman
4

7
80
21/05/2020
4
1
5
batman
4

8
30
21/04/2020
1
12
16
lego
4

9
80
21/03/2020
7
18
22
batman
4

10
100
21/04/2020
2
15
19
lol
4

11
80
21/02/2002
4
15
18
batman
4

12
80
21/05/2006
5
20
24
l
4

13
100
05/08/2010
4
21
24
lol
4

14
80
07/07/2019
2
18
22
ben10
4

15
80
05/10/2018
6
18
22
barbie
4

16
80
21/04/2017
5
11
15
123
4

17
80
11/11/2001
5
15
17
aviao
4

18
50
14/06/2010
4
12
15
batman
4

19
80
21/07/2016
5
17
21
batman
4

20
50
21/03/2008
2
15
19
lol
4

21
80
30/01/2012
2
19
23
leagueoflegends
4

